305
114.502535214877
86.2532974498148
10.2450106137816
68.1373455525487
12.2281691909479
4.75208293424194
20.0196562371296
12.2767246322969
11.7216140392957
24.8752690882777
16.2978466490127
23.2518118214845
16.5845482358975
15.6140674930647
33.396205039034
20.7846096908265
19.3528753492232
16.3850575123207
20.9502842499826
19.0535931901409
11.7252100463969
31.1005540675575
29.4336965143315
26.6270539113887
18.0164813754079
24.7444243500799
7.51007272621331
4.06984153366859
27.215173252412
17.2339815787965
23.5539874432174
22.2710574513201
14.7961619823174
25.5530773949688
33.4185813747547
11.5478676394508
21.0691619228239
28.7948800016184
12.3795084046074
17.0082930449459
19.7473571196866
18.4490385219626
12.2195365467659
7.58568158110485
6.02300839250873
14.565530706253
3.78959213976527
21
3.78959213976527
14.565530706253
6.02300839250873
7.58568158110485
12.2195365467659
18.4490385219626
19.7473571196866
17.0082930449459
12.3795084046074
28.7948800016184
21.0691619228239
11.5478676394508
33.4185813747547
25.5530773949688
14.7961619823174
22.2710574513201
23.5539874432174
17.2339815787965
27.215173252412
4.06984153366859
7.51007272621331
24.7444243500799
18.0164813754079
26.6270539113887
29.4336965143315
30.3915028428898
11.7252100463969
17.064465004608
20.9502842499826
16.3850575123207
19.3528753492232
20.7846096908265
33.396205039034
15.6140674930647
16.5845482358975
23.2518118214845
16.2978466490127
24.8752690882777
11.7216140392957
12.2767246322969
20.0196562371296
3.18633753309102
12.2281691909479
68.1373455525487
10.2450106137816
86.2532974498148
114.502535214877
