0.0301224340566959
0.141653026854878
0.138226631799375
0.0339903276086926
0.310585462557496
0.551427312631386
0.628514858396816
0.511023862515591
0.275861355940448
0.0502396354182231
0.0901855025475772
0.110759344849757
0.0684618905062958
0.0362855426992255
0.0697096919781522
0.109288539370249
0.0923187999496619
0.0512198536768151
0.274192386987786
0.513496149536541
0.633154426602464
0.553283743533939
0.307840573214511
0.0341664350328389
0.140270857956999
0.138527177682829
0.0296375477361526
0.0816962563186064
0.0944383203811072
0.0263932110686224
0.058588134840207
0.0737117341600011
0.0239973937701886
0.0464215468420024
0.0616218854220982
0.0221963086695035
0.0390764778127614
0.0537637218396927
0.0208333333333355
0.0343107696069015
0.0483441215964522
0.0198077862118787
0.0311207395968709
0.0444955089373439
0.0190533549944134
0.0290049795038704
0.0417536642697542
0.0185261550443044
0.0277059929762204
0.0398606084144781
0.0181978813094801
0.0271098219177536
0.0386836665079658
0.018051861104682
0.0272138992557153
0.0381891287148298
0.0180809085252426
0.0281418959420076
0.0384596362516644
0.0182864418432244
0.0302250788423177
0.0397874837986374
0.0186786556701704
0.0342489348284176
0.0429932815348636
0.0192777878591794
0.0422808966932026
0.0506815964680558
0.0201167847752232
0.0615048274405276
0.074495389450843
0.0212460545964937
0.142602265816219
0.273502052865438
0.325309673287598
0.272705389655347
0.149074257381343
0.0247199397628717
0.0680137859566989
0.0753882708734869
0.0273637831604916
0.0407867704453288
0.0632964886441987
0.0309749128751131
0.0315202035072016
0.0627625211892194
0.0360843918243526
0.0279492055149482
0.0677921493367224
0.0437167157553051
0.0270640150996341
0.0783380025231665
0.0561293738314322
0.0278742033265804
0.0981443889498686
0.0794543457386637
