9.999999999999999547e-08 -1.262157162740991459e-07 3.262157162740991104e-07
0.000000000000000000e+00 0.000000000000000000e+00 0.000000000000000000e+00
9.999999999999999547e-08 -1.262157162740991459e-07 3.262157162740991104e-07
3.899999999999999929e-06 1.864058553533107683e-06 5.935941446466892176e-06
2.100000000000000223e-05 1.871284586667546976e-05 2.328715413332453469e-05
1.858000000000000168e-04 1.595988766828141249e-04 2.120011233171859087e-04
1.264900000000000009e-03 1.221091632895032926e-03 1.308708367104967091e-03
9.648900000000000185e-03 9.575266909835235610e-03 9.722533090164764760e-03
7.737650000000000083e-02 7.445101996220353235e-02 8.030198003779646931e-02
7.643868000000000329e-01 7.545731380187049586e-01 7.742004619812951072e-01
7.632099399999999534e+00 7.613379481172315444e+00 7.650819318827683624e+00
