2.999999999999999864e-07 -3.786471488222973584e-07 9.786471488222972253e-07
1.100000000000000056e-06 8.737842837259009412e-07 1.326215716274099171e-06
8.600000000000000670e-06 6.210712693650135778e-06 1.098928730634986641e-05
7.819999999999998990e-05 7.075203863371232107e-05 8.564796136628765873e-05
5.940000000000001269e-04 5.439534118129448707e-04 6.440465881870553830e-04
4.433900000000000167e-03 4.349138038034851966e-03 4.518661961965148369e-03
3.484430000000000166e-02 3.435947773230259988e-02 3.532912226769740344e-02
2.948473000000000344e-01 2.887830472415335303e-01 3.009115527584665384e-01
2.222850699999999957e+00 2.193855611791002858e+00 2.251845788208997057e+00
1.765923450000000372e+01 1.762601016688562439e+01 1.769245883311438305e+01
1.416103936000000090e+02 1.414816028568733657e+02 1.417391843431266523e+02
