0.000000000000000000e+00 0.000000000000000000e+00 0.000000000000000000e+00
2.999999999999999864e-07 -4.555021440490437016e-08 6.455502144049043430e-07
1.800000000000000130e-06 1.498379044967867836e-06 2.101620955032132425e-06
1.199999999999999861e-05 9.737842837259007037e-06 1.426215716274099018e-05
8.930000000000000221e-05 7.942767152586658090e-05 9.917232847413342352e-05
6.922999999999999684e-04 6.611729768299406300e-04 7.234270231700593067e-04
5.684200000000000363e-03 5.587928563282692010e-03 5.780471436717308717e-03
5.177150000000000502e-02 5.161257221154376407e-02 5.193042778845624596e-02
5.062468000000001078e-01 5.001729723042721565e-01 5.123206276957280592e-01
4.504808599999999608e+00 4.404751183933223402e+00 4.604866016066775813e+00
1.292894618999999921e+02 1.292188312556721144e+02 1.293600925443278697e+02
