0.000000000000000000e+00 0.000000000000000000e+00 0.000000000000000000e+00
2.099999999999999799e-06 1.572163328693768390e-06 2.627836671306231420e-06
1.130000000000000023e-05 7.484018077564905836e-06 1.511598192243509547e-05
7.069999999999999733e-05 6.500652995675561090e-05 7.639347004324438376e-05
5.040999999999999474e-04 4.766428619697257881e-04 5.315571380302741610e-04
3.595999999999999804e-03 3.528938496002300557e-03 3.663061503997699052e-03
2.544810000000000128e-02 2.513634544137222787e-02 2.575985455862777468e-02
1.781816999999999984e-01 1.773043765864557864e-01 1.790590234135442105e-01
1.255500000000000060e+00 1.247847949398645628e+00 1.263152050601354492e+00
8.830237099999999728e+00 8.790366960647805428e+00 8.870107239352194028e+00
6.190186909999999898e+01 6.183048085945843297e+01 6.197325734054156499e+01
