9.999999999999999547e-08 -1.262157162740991459e-07 3.262157162740991104e-07
0.000000000000000000e+00 0.000000000000000000e+00 0.000000000000000000e+00
2.000000000000000333e-06 1.999999999999999909e-06 2.000000000000000757e-06
1.199999999999999861e-05 9.737842837259007037e-06 1.426215716274099018e-05
8.329999999999999189e-05 7.952898408510092581e-05 8.707101591489905797e-05
6.478999999999999733e-04 6.173195729945008762e-04 6.784804270054990705e-04
5.287299999999999986e-03 5.226513788941518357e-03 5.348086211058481615e-03
5.267459999999999504e-02 5.240389179019239174e-02 5.294530820980759833e-02
5.249752000000000862e-01 5.233835466989910090e-01 5.265668533010091634e-01
4.671160999999999675e+00 4.572509907501117965e+00 4.769812092498881384e+00
1.366769777000000090e+02 1.363957928284978891e+02 1.369581625715021289e+02
